1 188.88 26.23
2 80.98 23.26
3 153.64 124.99
4 107.29 31.45
5 23.67 127.05
6 146.9 152.21
7 85.67 13.46
8 40.15 144.95
9 171.6 77.26
10 108.64 126.12
11 108.87 177.87
12 127.29 44.38
13 69.84 150.88
14 100.5 180.37
15 181.11 124.78
16 108.49 142.86
17 163.29 199.37
18 104.48 162.82
19 115.36 185.72
20 143.37 94.58
21 45.92 3.12
22 180.31 46.11
23 148.53 38.96
24 180.14 56.85
25 62.17 23.97
26 40.95 156.72
27 112.85 112.75
28 6.31 181.45
29 122.15 156.75
30 159.94 48.46
31 104.91 88.96
32 70.34 57.88
33 98.24 48.15
34 135.73 56.2
35 97.61 157.61
36 59.23 43.37
37 90.56 184.25
38 158.44 84.08
39 80.86 52.41
40 176.95 175.48
41 177.91 131.6
42 2.16 32.13
43 4.73 159.21
44 147.29 182.61
45 46.54 57.78
46 75.22 31.79
47 88.39 98.78
48 9.51 8.89
49 159.19 162.51
50 36.18 23.29
51 5.0 70.82
52 194.71 19.35
53 17.19 119.39
54 148.43 176.41
55 1.34 190.04
56 29.61 124.28
57 0.06 20.19
58 68.65 57.99
59 120.13 9.12
60 144.67 0.56
61 74.22 182.28
62 82.93 116.95
63 154.14 17.57
64 192.82 2.23
65 135.51 118.66
66 9.18 124.11
67 3.05 111.65
68 29.17 77.05
69 98.98 16.02
70 39.39 171.22
71 49.08 58.31
72 192.85 182.15
73 131.79 5.91
74 89.98 143.36
75 62.78 40.67
76 140.53 113.59
77 119.31 199.83
78 61.19 162.05
79 132.17 80.65
80 22.57 119.38
81 127.43 154.19
82 35.68 198.93
83 5.42 174.22
84 111.63 48.31
85 89.87 112.3
86 196.1 8.01
87 106.14 162.1
88 4.46 91.16
89 76.36 179.03
90 97.7 153.96
91 157.79 2.86
92 69.5 115.6
93 173.1 64.5
94 137.71 130.95
95 52.54 58.91
96 78.37 86.87
97 56.48 165.71
98 189.94 128.15
99 12.04 55.42
100 151.32 101.58
101 123.12 129.29
102 59.09 33.91
103 163.66 5.2
104 149.37 146.82
105 128.26 108.23
106 131.63 77.37
107 56.54 62.31
108 64.58 1.81
109 169.19 188.62
110 33.84 33.66
111 168.32 194.92
112 141.03 150.84
113 91.9 123.68
114 162.33 18.39
115 190.82 149.85
116 41.7 1.22
117 25.44 16.91
118 121.58 129.64
119 23.36 134.95
120 106.04 14.89
121 108.47 78.84
122 122.32 106.44
123 111.61 147.16
124 120.35 136.79
125 121.69 65.91
126 44.32 54.93
127 180.99 139.38
128 151.67 32.78
129 109.84 193.07
130 137.39 55.32
131 159.56 56.52
132 61.6 48.08
133 114.18 158.78
134 116.4 105.18
135 107.38 22.46
136 4.43 104.73
137 93.09 107.68
138 168.72 158.59
139 145.61 121.93
140 194.64 170.85
141 135.49 121.56
142 190.67 35.93
143 161.35 109.81
144 178.88 28.86
145 173.39 179.44
146 199.53 196.98
147 188.92 159.35
148 15.32 131.09
149 174.38 67.89
150 45.47 138.11
151 64.58 111.13
152 152.0 192.05
153 193.26 123.45
154 142.33 101.35
155 21.64 190.49
156 122.36 4.82
157 132.07 133.45
158 111.32 106.28
159 47.68 199.98
160 143.68 147.5
161 142.66 93.08
162 127.59 78.29
163 123.82 58.0
164 164.58 25.13
165 117.49 110.35
166 117.29 164.58
167 146.02 108.68
168 128.19 137.94
169 140.22 48.22
170 99.08 105.05
171 165.85 81.08
172 161.46 185.43
173 107.71 41.65
174 58.02 129.19
175 182.52 171.18
176 103.24 71.41
177 70.18 11.3
178 188.07 85.26
179 69.97 29.09
180 160.39 17.48
181 142.65 35.5
182 172.8 2.77
183 69.43 40.87
184 73.94 99.08
185 96.29 190.37
186 138.15 199.17
187 185.02 13.1
188 37.99 174.19
189 89.79 198.96
190 2.89 186.46
191 136.77 70.76
192 195.02 1.3
193 172.95 89.13
194 53.66 97.59
195 7.19 26.4
196 39.27 71.48
197 94.97 5.74
198 183.04 107.31
199 126.41 178.18
200 42.93 63.37
